100
0.02527597
0.63866305
0.58619016
0.19716088
0.49772775
0.27914643
0.1544629
0.934535
0.987918
0.34148213
0.35946247
0.8440628
0.9931797
0.8509135
0.9243081
0.4939726
0.7255076
0.4916649
0.24100979
0.41530356
0.21758391
0.74760115
0.011061672
0.41886035
0.84715885
0.09820355
0.75910395
0.80133927
0.3280792
0.7535464
0.3593132
0.23926777
0.90606505
0.014353049
0.71961236
0.32568425
0.7274291
0.8854043
0.7878115
0.88840026
0.035070706
0.077025965
0.18457857
0.7530906
0.8085152
0.15373047
0.6716338
0.17835161
0.73490113
0.33713692
0.923284
0.35278946
0.3861607
0.61337996
0.5827726
0.1911632
0.73716944
0.8985697
0.03876396
0.4189959
0.3024066
0.16192058
0.34391668
0.5580602
0.58171475
0.49489397
0.6026056
0.7987784
0.6937248
0.2378238
0.4588072
0.71971536
0.11717578
0.072125845
0.27637455
0.14375718
0.6796834
0.78668976
0.20432897
0.29128692
0.14892273
0.89840096
0.056059003
0.058301333
0.6929343
0.47632235
0.10817921
0.8470892
0.2279495
0.8157345
0.040141296
0.18084352
0.6117368
0.441618
0.50483567
0.9488019
0.14079873
0.6275719
0.5195491
0.7114225
